<?xml version="1.0" standalone="no"?>
<!DOCTYPE svg PUBLIC "-//W3C//DTD SVG 20010904//EN"
 "http://www.w3.org/TR/2001/REC-SVG-20010904/DTD/svg10.dtd">
<svg version="1.0" xmlns="http://www.w3.org/2000/svg"
 width="5000.000000pt" height="5000.000000pt" viewBox="0 0 5000.000000 5000.000000"
 preserveAspectRatio="xMidYMid meet">

<g transform="translate(0.000000,5000.000000) scale(0.100000,-0.100000)"
fill="#000000" stroke="none">
<path d="M0 25000 l0 -25000 25000 0 25000 0 0 25000 0 25000 -25000 0 -25000
0 0 -25000z m25255 18352 c105 -6 244 -15 310 -21 66 -6 158 -13 205 -16 101
-7 333 -30 517 -51 73 -8 154 -17 180 -20 26 -2 86 -11 133 -19 47 -8 105 -16
130 -18 42 -5 142 -21 405 -68 61 -10 151 -26 200 -35 195 -34 622 -130 935
-210 58 -14 130 -32 160 -40 106 -25 192 -50 450 -129 25 -7 65 -18 90 -25 25
-6 54 -15 65 -20 11 -4 144 -49 295 -99 260 -85 366 -122 505 -176 33 -13 103
-40 155 -60 204 -79 721 -297 825 -348 28 -13 102 -48 165 -77 159 -72 495
-241 674 -339 82 -44 151 -81 154 -81 2 0 62 -34 133 -75 71 -41 131 -75 133
-75 7 0 128 -71 146 -86 8 -6 47 -29 85 -50 39 -21 91 -53 117 -71 26 -18 51
-33 54 -33 11 0 644 -415 702 -460 15 -12 89 -65 165 -118 155 -108 221 -156
263 -189 119 -93 212 -165 266 -206 155 -117 410 -324 518 -421 25 -23 90 -79
145 -126 54 -47 131 -115 170 -151 38 -36 133 -123 210 -194 389 -356 970
-973 1337 -1421 357 -436 606 -770 898 -1204 50 -74 94 -140 98 -145 20 -28
104 -158 142 -220 24 -38 64 -104 90 -145 84 -133 255 -422 305 -515 26 -49
51 -94 55 -100 21 -28 161 -295 321 -610 97 -191 153 -310 240 -510 22 -49 48
-106 58 -125 10 -19 44 -98 76 -175 31 -77 67 -163 81 -192 13 -28 24 -56 24
-60 0 -5 10 -29 21 -54 22 -44 58 -137 84 -214 7 -22 25 -69 40 -105 15 -36
42 -110 60 -165 19 -55 46 -131 60 -170 15 -38 28 -77 30 -85 2 -8 29 -89 60
-180 31 -91 62 -185 69 -210 8 -25 43 -148 80 -275 84 -286 97 -331 106 -375
4 -19 14 -62 23 -95 32 -121 87 -353 108 -455 11 -58 27 -125 34 -150 8 -25
19 -74 25 -110 6 -36 17 -94 25 -130 18 -86 46 -246 52 -290 2 -19 8 -48 13
-65 9 -28 19 -92 54 -335 43 -298 53 -376 85 -665 15 -131 39 -440 52 -670 6
-110 15 -247 19 -305 9 -113 6 -1269 -3 -1335 -3 -22 -10 -130 -16 -240 -6
-110 -16 -249 -21 -310 -6 -60 -13 -150 -16 -200 -9 -155 -44 -436 -104 -835
-11 -74 -23 -155 -26 -180 -2 -25 -11 -79 -19 -120 -27 -135 -54 -283 -75
-400 -12 -63 -29 -149 -40 -190 -10 -41 -28 -120 -40 -175 -21 -100 -53 -240
-70 -305 -5 -19 -24 -93 -41 -165 -17 -71 -60 -229 -94 -350 -88 -304 -95
-327 -105 -355 -5 -14 -20 -65 -35 -115 -15 -49 -33 -103 -41 -120 -7 -16 -33
-93 -58 -170 -71 -221 -149 -437 -212 -583 -8 -18 -14 -37 -14 -42 0 -9 -23
-65 -94 -235 -7 -16 -19 -46 -25 -65 -7 -19 -21 -51 -31 -70 -10 -19 -32 -71
-50 -115 -17 -44 -49 -117 -71 -163 -22 -46 -49 -106 -60 -135 -11 -29 -25
-57 -29 -62 -5 -6 -25 -47 -44 -91 -132 -311 -601 -1179 -811 -1504 -23 -36
-52 -83 -65 -105 -44 -76 -326 -500 -425 -640 -35 -49 -67 -97 -71 -105 -4 -8
-24 -35 -44 -60 -20 -25 -57 -73 -81 -108 -77 -111 -129 -181 -244 -326 -22
-28 -60 -78 -85 -111 -52 -70 -195 -245 -260 -320 -25 -29 -72 -85 -105 -125
-33 -40 -85 -101 -115 -135 -30 -33 -82 -92 -115 -129 -177 -203 -641 -680
-955 -982 -170 -163 -449 -410 -680 -601 -147 -122 -177 -146 -309 -253 -55
-45 -140 -110 -371 -282 -170 -127 -184 -138 -398 -287 -318 -220 -624 -416
-967 -618 -190 -112 -185 -109 -549 -307 -175 -96 -532 -275 -691 -348 -44
-20 -125 -58 -180 -83 -55 -26 -158 -72 -230 -102 -71 -30 -143 -61 -160 -68
-28 -13 -79 -34 -305 -125 -122 -49 -382 -147 -440 -166 -25 -8 -54 -19 -65
-24 -11 -5 -38 -14 -60 -20 -22 -7 -53 -18 -70 -25 -16 -7 -118 -41 -225 -75
-107 -34 -213 -68 -235 -75 -70 -22 -263 -79 -410 -120 -27 -7 -81 -22 -120
-33 -116 -33 -324 -85 -384 -97 -9 -2 -52 -12 -96 -24 -172 -44 -511 -115
-740 -155 -49 -8 -139 -24 -200 -35 -296 -52 -839 -125 -1005 -136 -30 -1
-127 -10 -215 -18 -442 -43 -672 -52 -1355 -52 -679 0 -894 8 -1325 50 -82 8
-184 17 -225 20 -94 7 -295 30 -470 55 -74 11 -160 22 -190 25 -30 3 -91 12
-135 20 -44 8 -136 24 -205 35 -527 88 -1031 201 -1540 345 -107 31 -229 64
-270 75 -41 11 -102 29 -135 40 -33 11 -168 55 -300 99 -252 83 -509 173 -560
197 -16 7 -55 22 -85 33 -88 31 -231 87 -285 111 -27 12 -77 32 -110 45 -78
30 -367 155 -470 204 -44 21 -118 55 -165 77 -210 95 -841 419 -940 482 -14 9
-54 32 -90 50 -36 19 -81 46 -100 58 -19 13 -38 24 -43 24 -7 0 -28 12 -144
87 -28 18 -54 33 -57 33 -4 0 -68 39 -144 86 -75 48 -152 95 -170 105 -40 23
-565 376 -628 422 -24 18 -67 49 -96 70 -143 103 -287 208 -323 236 -22 18
-92 72 -155 121 -63 48 -139 108 -168 132 -30 23 -87 70 -127 103 -246 200
-447 376 -715 624 -246 228 -899 890 -987 1002 -15 19 -65 75 -110 125 -45 49
-119 135 -165 190 -45 56 -118 144 -161 195 -43 52 -84 101 -90 109 -151 187
-291 372 -474 620 -18 25 -36 50 -41 55 -8 10 -57 80 -137 196 -67 98 -289
430 -340 509 -26 41 -57 91 -70 110 -77 121 -287 474 -315 530 -13 25 -42 77
-65 115 -77 127 -475 898 -475 921 0 3 -35 81 -79 172 -81 172 -196 436 -251
577 -17 44 -37 93 -45 110 -22 47 -55 134 -75 197 -10 31 -26 71 -36 89 -9 18
-20 44 -25 58 -4 14 -29 85 -54 156 -26 72 -65 184 -87 250 -22 66 -48 143
-58 170 -10 28 -30 91 -45 140 -14 50 -34 115 -44 145 -10 30 -23 73 -29 95
-88 312 -133 477 -152 555 -13 52 -31 122 -40 155 -10 33 -27 105 -39 160 -49
223 -63 281 -71 310 -5 17 -13 55 -19 85 -5 30 -17 91 -26 136 -9 45 -17 92
-19 105 -5 44 -38 223 -57 310 -10 48 -19 99 -19 115 0 16 -9 83 -20 149 -35
211 -98 718 -100 799 0 33 -5 90 -10 127 -5 37 -14 159 -20 271 -6 112 -15
255 -21 318 -14 142 -21 1255 -9 1405 5 61 13 198 19 305 24 418 64 842 102
1076 10 67 19 134 19 149 0 30 30 226 56 365 9 47 20 110 24 140 5 30 13 78
18 105 6 28 20 106 32 175 12 69 30 161 40 205 11 44 29 125 41 180 23 109 39
177 70 300 11 44 30 118 41 165 11 47 38 148 60 225 58 205 78 276 87 310 54
204 261 820 376 1115 20 52 42 113 50 135 7 22 25 67 40 100 15 33 33 77 41
98 7 21 33 84 58 140 24 56 54 127 66 157 57 142 352 764 445 940 13 25 49 92
80 150 30 58 79 148 109 200 30 52 73 130 95 173 23 43 50 90 60 105 11 15 53
86 94 157 82 140 154 259 202 332 17 25 39 60 49 77 39 62 249 382 277 421 16
22 72 101 124 175 129 184 228 321 300 415 96 125 302 386 348 440 23 27 71
86 107 130 36 45 92 112 125 149 33 38 100 114 149 170 80 91 164 183 385 421
305 328 882 871 1230 1159 41 33 107 88 145 121 39 34 100 83 136 110 36 28
86 68 111 90 26 22 76 61 110 87 35 26 110 82 166 125 109 83 153 116 272 201
268 193 777 529 1011 667 63 38 150 90 192 117 42 26 80 48 83 48 3 0 68 36
143 79 555 320 1433 730 2067 965 55 21 111 42 125 48 91 39 673 234 840 283
63 18 156 45 205 60 50 15 113 33 140 40 28 7 86 23 130 35 70 19 251 65 295
75 8 2 35 8 60 15 104 26 169 41 235 54 39 8 97 21 130 30 86 21 192 42 540
107 61 11 139 24 175 29 36 5 97 16 135 24 39 8 97 17 130 21 33 4 98 13 145
21 47 7 110 16 140 19 30 2 111 11 180 19 242 29 416 46 495 50 44 2 166 11
270 20 105 9 252 17 328 18 75 1 143 6 150 10 16 11 1094 2 1332 -10z m6765
-32506 c274 -52 494 -163 684 -345 296 -284 457 -677 486 -1184 38 -653 -129
-1255 -486 -1753 -267 -373 -580 -586 -994 -675 -92 -20 -134 -23 -335 -24
-217 0 -236 1 -335 27 -266 67 -475 191 -675 400 -263 273 -418 626 -456 1041
-17 182 -6 550 21 707 53 304 157 613 283 840 17 30 39 71 50 90 53 96 174
267 255 362 250 291 558 464 932 522 124 20 449 15 570 -8z m-3503 -7 c232
-27 471 -123 649 -260 83 -64 226 -218 287 -311 56 -84 163 -286 155 -293 -6
-6 -677 -245 -688 -245 -5 0 -22 24 -36 53 -84 166 -213 290 -364 350 -89 35
-164 47 -291 47 -215 0 -348 -46 -460 -160 -80 -81 -109 -147 -116 -260 -4
-61 -1 -86 17 -134 51 -134 169 -203 525 -306 61 -17 137 -40 170 -50 33 -10
110 -32 170 -50 428 -122 700 -319 830 -603 71 -155 95 -269 95 -447 1 -344
-119 -629 -370 -881 -58 -58 -141 -130 -184 -159 -252 -168 -567 -250 -966
-250 -468 0 -827 118 -1104 363 -153 135 -310 377 -387 595 l-18 53 22 8 c21
8 94 33 472 161 94 32 177 61 185 64 12 5 24 -11 48 -65 94 -204 247 -361 429
-437 186 -78 478 -93 683 -35 173 49 315 178 371 339 29 83 24 209 -11 277
-29 59 -101 127 -166 160 -57 28 -213 82 -369 127 -336 97 -614 198 -750 275
-221 123 -385 333 -462 590 -25 85 -26 102 -27 295 0 136 4 220 12 250 7 25
24 84 39 132 l26 87 -49 54 c-27 30 -177 190 -332 356 -156 166 -281 305 -277
309 7 8 1900 21 2060 14 55 -2 137 -8 182 -13z m-20613 -77 c3 -4 14 -73 25
-153 12 -79 48 -331 81 -559 33 -228 78 -539 100 -690 22 -151 56 -383 75
-515 20 -132 42 -289 50 -350 8 -60 19 -130 23 -155 7 -44 15 -26 532 1180
288 674 528 1231 533 1238 7 9 138 12 592 12 320 0 584 -2 587 -5 3 -3 1 -27
-4 -53 -4 -26 -33 -200 -63 -387 -51 -309 -98 -595 -245 -1490 -48 -290 -147
-896 -250 -1525 -28 -168 -53 -315 -55 -327 l-5 -23 -385 0 c-232 0 -385 4
-385 9 0 6 43 265 96 578 52 312 100 597 105 633 5 36 18 115 29 175 11 61 31
180 45 265 14 85 34 205 45 265 11 61 24 139 29 175 5 36 51 308 101 605 50
297 94 556 97 575 3 19 3 33 0 30 -3 -3 -48 -102 -100 -220 -52 -118 -137
-312 -190 -430 -52 -118 -170 -386 -262 -595 -92 -209 -200 -455 -241 -547
-79 -179 -176 -398 -297 -673 -41 -93 -110 -251 -154 -350 -44 -99 -111 -251
-149 -337 l-69 -158 -227 0 c-141 0 -228 4 -228 10 0 5 -6 56 -14 112 -8 57
-27 191 -41 298 -14 107 -37 274 -50 370 -13 96 -36 263 -50 370 -14 107 -37
274 -50 370 -13 96 -36 263 -50 370 -14 107 -37 274 -50 370 -14 96 -36 258
-50 360 -13 102 -36 268 -50 370 -14 102 -29 212 -33 245 -7 60 -8 59 -36
-120 -31 -204 -52 -337 -151 -995 -14 -91 -37 -239 -50 -330 -14 -91 -37 -239
-50 -330 -14 -91 -37 -239 -50 -330 -14 -91 -36 -238 -50 -328 -105 -691 -116
-766 -122 -789 l-5 -23 -315 0 c-295 0 -314 1 -309 18 5 16 25 138 147 882 27
168 60 370 74 450 13 80 36 217 50 305 14 88 37 225 50 305 13 80 47 287 75
460 29 173 62 376 75 450 l23 135 -93 100 c-51 55 -215 230 -364 390 -149 159
-271 295 -271 302 0 11 184 13 984 13 542 0 987 -4 990 -8z m4146 -10 c0 -22
-23 -176 -44 -300 -16 -89 -71 -427 -171 -1037 -30 -187 -64 -392 -75 -455
-21 -126 -89 -536 -175 -1065 -30 -187 -64 -392 -74 -455 -11 -63 -32 -187
-46 -275 -14 -88 -28 -170 -31 -182 l-4 -23 -395 0 c-448 0 -404 -11 -385 91
5 30 32 192 60 362 27 169 73 445 100 615 28 169 73 444 101 612 27 168 60
370 74 450 13 80 36 217 50 305 14 88 37 225 50 305 13 80 47 285 75 455 28
171 61 375 75 455 14 80 25 149 25 153 0 4 178 7 395 7 377 0 395 -1 395 -18z
m2211 -6 c168 -23 299 -60 411 -116 531 -263 829 -868 805 -1635 -13 -413
-105 -761 -297 -1128 -133 -254 -321 -473 -540 -629 -234 -167 -437 -237 -780
-268 -177 -15 -1730 -14 -1730 3 0 6 6 50 14 97 8 47 27 157 41 245 14 88 37
225 50 305 13 80 47 283 74 453 28 169 73 445 101 615 28 169 73 444 101 612
27 168 60 370 74 450 13 80 36 217 50 305 87 534 115 696 121 707 4 6 264 8
698 5 563 -4 712 -7 807 -21z m3614 0 c287 -40 472 -120 680 -296 256 -217
432 -558 505 -980 27 -160 37 -447 21 -627 -49 -551 -286 -1099 -618 -1425
-180 -178 -380 -307 -574 -372 -93 -31 -269 -63 -419 -76 -131 -11 -1730 -14
-1730 -3 0 4 16 104 35 223 66 402 136 825 160 970 13 80 36 217 50 305 14 88
37 225 50 305 13 80 47 282 74 450 177 1083 252 1534 258 1543 3 5 316 7 697
4 568 -4 712 -7 811 -21z m3716 -76 c10 -52 41 -223 69 -380 29 -157 60 -332
70 -390 19 -104 72 -401 130 -720 93 -509 187 -1032 220 -1215 25 -145 105
-583 130 -715 10 -58 24 -136 30 -175 6 -38 14 -80 17 -92 l5 -23 -425 0 -424
0 -7 33 c-10 48 -86 493 -97 562 -4 33 -18 109 -29 169 -11 61 -20 114 -20
118 0 4 -282 7 -626 6 l-626 -3 -202 -440 -203 -440 -362 -3 c-198 -1 -361 0
-361 3 0 6 70 155 275 590 68 143 158 334 200 425 43 91 133 282 200 425 68
143 158 334 200 425 43 91 133 282 200 425 68 143 158 334 200 425 43 91 133
282 200 425 68 143 158 334 200 425 43 91 86 182 96 203 l20 37 452 -2 452 -3
16 -95z m1724 -60 c34 -85 85 -213 113 -285 28 -71 90 -229 137 -350 90 -227
152 -385 250 -635 31 -80 60 -148 63 -152 4 -4 74 99 156 230 82 130 202 320
267 422 64 102 216 343 337 535 121 193 228 360 237 373 l16 22 359 0 c220 0
360 -4 360 -9 0 -6 -102 -164 -227 -353 -124 -189 -263 -399 -308 -468 -45
-69 -149 -226 -230 -350 -82 -124 -199 -301 -260 -395 -62 -93 -187 -285 -279
-425 -155 -234 -169 -259 -177 -315 -5 -33 -13 -85 -19 -115 -6 -30 -17 -95
-25 -145 -17 -113 -194 -1170 -201 -1207 l-6 -28 -404 0 -404 0 5 23 c2 12 11
63 19 112 14 84 24 147 92 565 14 85 36 220 49 300 13 80 40 249 60 375 l37
230 -135 315 c-74 173 -212 497 -307 720 -94 223 -187 439 -205 480 -85 193
-285 669 -285 679 0 8 122 10 427 9 l427 -3 61 -155z m11605 156 c0 -2 -27
-165 -61 -362 -33 -198 -66 -397 -74 -444 -7 -47 -64 -382 -125 -745 -61 -363
-117 -698 -125 -745 -7 -47 -41 -247 -74 -445 -34 -198 -61 -363 -61 -367 0
-5 340 -8 755 -8 415 0 755 -4 755 -8 0 -12 -28 -198 -49 -332 -11 -63 -27
-168 -36 -232 l-17 -118 -1164 0 c-640 0 -1164 3 -1164 6 0 3 7 45 15 93 23
136 60 361 115 696 28 171 73 445 100 610 27 165 72 440 100 610 28 171 61
375 75 455 13 80 36 217 50 305 14 88 37 225 50 305 13 80 45 271 70 425 25
154 48 286 50 293 3 9 94 12 410 12 223 0 405 -2 405 -4z m3675 -8 c3 -7 23
-114 45 -238 22 -124 54 -299 70 -390 93 -509 187 -1032 220 -1215 10 -60 39
-222 64 -360 25 -137 57 -313 71 -390 14 -77 37 -201 50 -275 14 -74 43 -236
66 -360 22 -124 49 -275 59 -336 11 -62 24 -131 29 -155 20 -87 64 -79 -414
-79 -234 0 -425 2 -425 4 0 3 -20 125 -45 273 -25 147 -55 322 -66 388 -11 66
-24 144 -30 173 l-10 52 -623 0 -623 0 -115 -247 c-63 -137 -155 -337 -204
-445 l-89 -197 -362 -1 c-200 0 -363 2 -363 4 0 2 28 62 61 132 34 71 90 190
124 264 35 74 122 261 195 415 73 154 165 350 205 435 68 147 305 649 475
1010 43 91 133 282 200 425 67 143 161 341 207 440 83 174 128 271 198 420 18
39 53 114 79 168 l45 97 451 0 c351 0 452 -3 455 -12z m3455 -11 c242 -32 389
-81 514 -171 120 -87 255 -240 326 -370 171 -312 172 -708 4 -1049 -114 -230
-257 -384 -453 -486 -83 -43 -239 -101 -273 -101 -10 0 -18 -4 -18 -8 0 -5 20
-80 45 -168 73 -257 140 -496 195 -694 29 -102 63 -223 76 -270 39 -137 71
-248 99 -350 15 -52 28 -101 30 -107 4 -10 -82 -13 -404 -13 l-408 0 -20 83
c-20 81 -83 322 -142 547 -16 63 -53 205 -81 315 -29 110 -67 259 -86 330 -19
72 -39 154 -46 183 l-11 52 -383 0 -384 0 -5 -22 c-5 -23 -68 -394 -187 -1110
l-63 -378 -386 0 -386 0 3 23 c2 12 15 90 29 172 70 426 130 791 175 1070 28
171 61 375 75 455 13 80 36 217 50 305 14 88 37 225 50 305 13 80 47 285 75
455 28 171 73 447 101 615 27 168 52 321 55 340 3 19 7 43 10 53 6 18 40 18
852 14 714 -3 867 -6 972 -20z"/>
<path d="M23990 43074 c-58 -2 -184 -8 -280 -14 -1131 -69 -2193 -268 -3240
-608 -246 -79 -792 -279 -932 -340 -62 -27 -203 -88 -314 -135 -473 -203
-1174 -570 -1639 -860 -335 -208 -372 -232 -548 -355 -84 -58 -179 -124 -212
-147 -96 -66 -223 -159 -311 -227 -84 -65 -255 -197 -334 -256 -42 -32 -208
-172 -469 -397 -162 -138 -638 -583 -746 -696 -49 -52 -144 -150 -210 -219
-364 -377 -899 -1016 -1188 -1420 -25 -36 -86 -119 -134 -185 -95 -129 -477
-702 -550 -825 -25 -41 -67 -111 -93 -155 -172 -290 -261 -446 -360 -635 -62
-118 -116 -219 -120 -225 -13 -17 -125 -242 -218 -441 -50 -105 -114 -240
-142 -300 -29 -60 -59 -127 -66 -149 -8 -22 -49 -121 -91 -220 -41 -99 -94
-223 -116 -275 -21 -52 -56 -142 -77 -200 -21 -58 -69 -190 -108 -295 -212
-578 -434 -1355 -567 -1985 -20 -96 -45 -211 -55 -255 -28 -118 -146 -844
-169 -1035 -11 -91 -27 -230 -36 -310 -9 -79 -18 -147 -20 -150 -2 -4 -11
-110 -20 -236 -8 -126 -20 -276 -25 -334 -28 -327 -41 -1000 -30 -1485 13
-509 49 -1052 95 -1432 14 -114 32 -264 41 -333 8 -69 28 -206 45 -305 17 -99
39 -234 49 -300 109 -688 401 -1823 646 -2505 133 -371 207 -564 304 -795 39
-93 95 -228 125 -300 29 -71 86 -197 125 -280 76 -158 146 -304 200 -420 18
-38 61 -122 95 -185 34 -63 108 -203 165 -310 127 -240 417 -732 555 -940 56
-85 151 -229 210 -320 60 -91 138 -205 175 -255 37 -49 122 -166 190 -260 69
-93 158 -212 200 -264 41 -52 86 -108 100 -125 211 -265 285 -355 399 -485 75
-85 174 -197 220 -250 160 -184 558 -591 761 -779 80 -74 199 -185 265 -247
130 -121 504 -441 639 -545 388 -302 548 -422 718 -538 35 -24 122 -83 193
-133 72 -49 189 -126 260 -171 72 -44 153 -95 180 -113 62 -41 306 -190 360
-220 22 -12 92 -50 155 -85 63 -34 167 -92 230 -128 134 -77 692 -352 860
-424 371 -160 585 -248 745 -305 99 -36 223 -81 275 -100 1022 -377 2306 -640
3480 -713 659 -42 1410 -32 2030 26 780 72 1590 221 2315 424 61 17 149 42
196 55 118 33 569 185 834 282 552 201 1227 509 1730 788 121 67 256 141 300
165 44 24 181 106 305 183 378 235 376 234 864 574 38 26 113 82 167 123 53
41 168 129 254 195 240 182 604 491 890 754 275 253 751 736 938 951 88 102
164 187 167 190 51 41 506 602 672 829 59 80 133 182 166 226 32 44 84 114
114 155 30 41 104 149 163 240 60 91 149 228 200 305 227 345 609 1020 807
1425 243 496 465 1004 593 1351 25 68 56 153 69 189 104 282 153 424 212 610
37 118 70 224 75 235 44 115 243 871 304 1160 26 121 62 292 80 380 47 220
150 852 175 1070 11 99 22 191 25 205 18 94 71 741 89 1100 24 459 24 963 0
1515 -13 302 -53 826 -79 1030 -8 61 -24 191 -35 290 -32 280 -142 926 -220
1290 -74 349 -82 382 -166 705 -99 376 -137 511 -184 650 -11 30 -40 123 -66
205 -70 227 -53 178 -227 655 -87 237 -298 754 -400 975 -147 321 -285 605
-380 781 -46 87 -122 229 -167 314 -45 85 -112 205 -149 265 -37 61 -87 144
-111 185 -24 41 -53 91 -65 110 -12 19 -48 77 -80 129 -146 241 -408 630 -575
856 -37 50 -104 142 -150 205 -129 178 -509 650 -639 795 -64 72 -161 182
-215 245 -237 276 -906 937 -1221 1204 -450 383 -422 360 -730 596 -347 265
-688 501 -1040 720 -127 78 -252 157 -280 175 -186 123 -1171 633 -1385 718
-62 25 -163 67 -205 87 -281 131 -992 389 -1410 512 -556 163 -895 243 -1475
347 -239 43 -729 111 -900 125 -36 3 -114 10 -175 16 -342 32 -550 41 -1030
44 -280 2 -557 2 -615 0z m1095 -624 c116 -6 275 -18 355 -26 80 -9 215 -22
300 -30 85 -7 166 -16 180 -19 14 -3 72 -12 130 -20 237 -31 397 -56 450 -70
30 -7 75 -16 100 -20 64 -8 128 -21 260 -51 63 -14 151 -34 195 -43 44 -10
112 -27 150 -39 39 -11 86 -23 105 -27 38 -7 138 -34 240 -65 36 -11 103 -30
150 -44 183 -53 238 -70 310 -96 41 -15 120 -42 175 -61 55 -18 111 -39 125
-46 14 -7 33 -13 42 -13 10 0 32 -7 50 -15 18 -8 121 -49 228 -91 107 -42 213
-85 235 -95 22 -10 103 -45 180 -77 77 -33 154 -67 170 -76 17 -9 71 -35 120
-57 243 -111 530 -261 910 -477 198 -112 760 -473 912 -586 23 -17 65 -47 93
-66 28 -19 59 -42 68 -50 10 -8 67 -51 127 -95 61 -43 144 -106 185 -140 41
-33 93 -74 115 -90 22 -16 51 -39 65 -51 14 -12 81 -68 150 -125 69 -57 132
-111 141 -119 9 -8 58 -51 110 -95 52 -43 128 -111 169 -151 41 -39 93 -87
115 -105 80 -68 655 -648 786 -794 73 -82 141 -157 149 -165 33 -35 131 -149
188 -220 33 -41 91 -111 127 -155 157 -189 389 -490 529 -685 18 -25 57 -79
87 -120 31 -41 91 -128 135 -194 43 -65 105 -157 137 -205 32 -47 84 -129 116
-181 32 -52 90 -145 129 -207 79 -124 248 -414 329 -563 14 -25 42 -76 63
-115 74 -134 181 -341 239 -460 162 -333 213 -439 256 -540 52 -121 72 -165
119 -270 18 -38 38 -86 45 -105 7 -19 21 -53 31 -75 10 -22 39 -96 65 -165 26
-69 51 -133 57 -143 5 -10 11 -26 13 -35 2 -9 20 -60 40 -112 69 -177 97 -255
176 -495 104 -313 142 -430 174 -540 14 -49 34 -119 44 -155 47 -162 129 -475
172 -655 37 -155 95 -417 108 -485 5 -25 21 -108 36 -185 35 -182 45 -243 85
-485 10 -63 28 -170 39 -237 12 -67 21 -136 21 -155 0 -18 9 -94 19 -168 38
-256 53 -385 61 -520 5 -74 13 -184 19 -245 54 -586 65 -1671 22 -2280 -34
-489 -43 -596 -62 -755 -11 -96 -29 -238 -40 -315 -10 -77 -19 -158 -19 -180
0 -22 -9 -80 -20 -129 -11 -50 -20 -101 -20 -115 0 -15 -9 -75 -20 -136 -11
-60 -29 -166 -40 -235 -11 -69 -27 -156 -35 -195 -8 -38 -27 -128 -41 -200
-44 -223 -53 -268 -69 -330 -8 -33 -24 -100 -35 -150 -24 -107 -57 -238 -70
-281 -6 -16 -14 -50 -19 -75 -18 -90 -126 -466 -203 -709 -123 -385 -236 -709
-307 -885 -5 -11 -22 -56 -39 -100 -51 -136 -164 -417 -193 -480 -15 -33 -44
-100 -64 -150 -101 -245 -426 -903 -561 -1136 -17 -31 -42 -76 -53 -100 -12
-24 -40 -76 -64 -115 -23 -39 -75 -129 -116 -200 -40 -71 -104 -176 -140 -234
-37 -58 -107 -168 -155 -245 -48 -77 -124 -192 -167 -255 -44 -63 -83 -122
-86 -130 -4 -8 -33 -51 -65 -95 -32 -44 -109 -150 -171 -235 -213 -296 -559
-729 -782 -978 -66 -74 -158 -178 -205 -231 -96 -108 -688 -703 -795 -798 -39
-34 -93 -84 -121 -110 -27 -26 -90 -82 -139 -123 -48 -41 -96 -82 -104 -90 -9
-8 -39 -33 -66 -55 -28 -22 -86 -71 -130 -108 -44 -38 -114 -94 -155 -125 -41
-31 -77 -59 -80 -62 -8 -10 -193 -151 -295 -225 -53 -38 -128 -94 -168 -123
-40 -30 -178 -124 -307 -209 -129 -86 -247 -164 -262 -174 -15 -11 -29 -19
-32 -19 -3 0 -38 -21 -78 -47 -40 -27 -81 -52 -90 -58 -671 -398 -1356 -730
-1988 -964 -118 -43 -136 -50 -290 -102 -80 -27 -154 -53 -165 -58 -23 -11
-315 -98 -430 -130 -190 -51 -226 -61 -335 -89 -117 -31 -315 -78 -360 -86
-14 -3 -68 -14 -120 -25 -142 -29 -269 -53 -325 -61 -27 -4 -99 -15 -160 -24
-266 -41 -373 -57 -420 -61 -27 -3 -72 -7 -100 -10 -292 -31 -454 -45 -580
-51 -82 -3 -166 -8 -185 -11 -77 -9 -794 -11 -920 -3 -74 5 -229 14 -345 20
-115 6 -237 15 -270 20 -33 5 -118 14 -190 20 -174 15 -646 83 -830 120 -49
10 -112 21 -140 25 -27 3 -72 12 -100 20 -27 7 -66 16 -85 19 -49 7 -282 63
-360 86 -36 11 -83 22 -105 26 -22 3 -58 12 -80 19 -22 7 -85 25 -140 40 -135
37 -295 84 -320 95 -11 4 -38 13 -60 18 -39 10 -259 86 -495 171 -112 41 -314
119 -375 146 -16 7 -109 47 -205 88 -269 116 -718 333 -925 449 -44 25 -127
71 -185 103 -99 54 -335 195 -515 306 -44 27 -149 96 -234 152 -84 56 -170
113 -190 126 -45 30 -277 197 -312 225 -15 12 -39 30 -55 41 -106 76 -494 381
-585 460 -25 22 -69 60 -99 85 -161 136 -385 338 -495 445 -225 219 -286 280
-390 387 -66 67 -167 175 -225 238 -58 63 -132 144 -166 180 -78 84 -204 229
-274 315 -30 38 -71 87 -91 109 -33 37 -150 185 -299 376 -33 41 -92 120 -132
175 -40 56 -88 121 -106 145 -18 25 -44 63 -58 85 -15 22 -31 45 -38 50 -28
24 -403 593 -533 807 -17 29 -38 63 -45 74 -7 12 -23 40 -36 63 -13 23 -56 97
-96 164 -40 67 -94 163 -121 212 -26 50 -64 119 -84 155 -140 252 -415 814
-526 1075 -8 17 -34 77 -60 135 -62 139 -146 347 -201 495 -24 66 -48 127 -53
136 -27 47 -197 534 -257 738 -19 62 -36 117 -39 122 -9 13 -119 387 -155 524
-48 181 -111 427 -115 450 -6 26 -42 173 -60 245 -16 61 -72 333 -87 420 -5
30 -15 84 -23 120 -22 101 -81 453 -114 675 -41 276 -88 656 -96 770 -3 39
-12 151 -20 250 -32 391 -46 678 -51 1080 -6 413 7 1030 25 1275 6 69 17 229
26 355 16 225 37 416 76 701 10 78 19 159 19 180 0 22 5 55 10 74 6 19 17 89
26 155 8 66 19 134 24 150 5 17 14 71 20 120 6 50 15 104 20 120 5 17 12 53
15 80 3 28 9 64 14 80 5 17 15 64 21 105 6 41 16 93 22 115 6 22 12 51 14 65
6 34 53 251 69 320 43 181 57 240 93 380 22 85 50 191 62 235 12 44 27 98 32
120 5 22 23 85 39 140 17 55 39 132 50 170 11 39 29 95 39 125 10 30 30 91 44
135 40 129 196 583 221 645 52 130 125 318 125 323 0 14 241 576 343 797 55
120 308 623 377 750 41 74 83 153 94 175 11 22 41 77 68 123 26 45 48 85 48
89 0 3 10 20 23 37 13 17 43 67 67 111 23 44 60 106 81 138 22 32 39 60 39 62
0 2 17 30 38 63 20 33 66 107 101 164 62 99 120 187 131 198 7 7 184 272 190
285 3 6 37 53 76 105 38 52 119 163 179 245 60 83 143 193 184 245 142 180
226 285 294 365 74 89 68 81 134 162 49 60 79 94 174 197 31 34 69 77 85 96
44 54 413 437 552 573 69 67 148 145 176 172 29 28 90 84 136 126 47 42 108
96 135 121 138 124 183 163 370 318 61 51 119 100 131 109 11 10 46 37 78 62
32 24 75 58 95 74 78 62 237 181 266 199 17 10 32 22 35 26 3 4 24 20 46 36
23 16 102 72 175 125 74 52 141 98 149 101 8 4 60 38 115 77 55 38 132 89 170
112 39 23 117 72 175 109 93 60 146 91 345 205 227 130 626 336 830 430 33 15
101 47 152 71 50 24 94 44 97 44 3 0 29 11 58 24 29 13 98 42 153 65 55 23
109 46 120 50 11 5 47 20 80 34 239 102 955 341 1205 403 76 19 190 49 260 69
47 13 99 26 115 28 17 3 80 16 140 30 227 54 336 77 358 77 12 0 65 9 117 20
52 10 158 28 235 39 77 11 190 28 250 36 61 9 173 23 250 30 77 8 208 21 290
29 83 8 258 20 390 26 132 6 256 13 275 14 77 7 728 -3 925 -14z"/>
<path d="M31502 10180 c-285 -77 -462 -300 -631 -797 -65 -191 -122 -456 -141
-647 -13 -141 -13 -406 1 -521 14 -121 53 -264 95 -346 40 -81 137 -188 216
-240 32 -20 93 -50 135 -65 73 -27 88 -29 223 -28 162 0 217 13 340 81 77 43
220 182 273 265 184 291 321 774 348 1228 36 622 -120 969 -481 1064 -103 28
-289 31 -378 6z"/>
<path d="M13431 10038 c-11 -63 -66 -377 -101 -583 -10 -60 -33 -191 -50 -290
-17 -99 -40 -229 -50 -290 -10 -60 -33 -191 -50 -290 -17 -99 -42 -245 -56
-325 -14 -80 -36 -210 -50 -290 -40 -231 -54 -314 -54 -327 0 -16 540 -18 701
-3 186 18 312 66 440 168 126 101 211 205 283 347 183 365 266 966 182 1325
-83 357 -227 522 -516 592 -73 18 -127 21 -376 25 l-292 5 -11 -64z"/>
<path d="M17046 10068 c-3 -18 -17 -98 -31 -178 -28 -166 -158 -917 -215
-1250 -34 -197 -56 -327 -150 -873 -11 -66 -20 -123 -20 -128 0 -12 578 -11
704 1 116 11 225 39 299 76 126 63 270 196 360 330 231 348 343 1064 232 1489
-60 234 -181 404 -339 479 -141 67 -212 78 -543 83 l-292 5 -5 -34z"/>
<path d="M20758 9602 c-92 -207 -206 -465 -254 -572 -48 -107 -122 -275 -164
-372 l-78 -178 464 0 464 0 -5 23 c-5 21 -107 623 -125 737 -5 30 -27 163 -50
295 -39 224 -50 295 -66 403 -4 23 -9 42 -13 42 -3 0 -81 -170 -173 -378z"/>
<path d="M37943 9970 c-11 -26 -113 -254 -454 -1023 -109 -246 -199 -452 -199
-458 0 -5 179 -9 461 -9 l462 0 -7 33 c-9 41 -85 485 -96 557 -5 30 -39 231
-75 445 -37 215 -70 410 -74 435 -7 43 -8 44 -18 20z"/>
<path d="M40896 10083 c-3 -15 -17 -95 -31 -178 -32 -183 -68 -387 -100 -560
-13 -71 -26 -149 -30 -172 l-7 -43 479 0 c275 0 514 4 562 11 196 24 306 97
379 250 53 110 65 173 60 295 -3 86 -8 108 -37 167 -37 77 -116 164 -179 196
-99 51 -135 54 -629 58 l-461 4 -6 -28z"/>
</g>
</svg>
